H=1:8;
time=0.0:0.5:2.0;
M=[1 2 3 4 5;2 3 4 5 6;3 4 5 6 7];
x=M(:,1);
H
time
M
x